g =

 Columns 1 through 10:

   0.0050000   0.0050000   0.0050000   0.0050000   0.0050000   0.0050000   0.0050000   0.0050000   0.0050000   0.0050000

 Columns 11 through 20:

   0.0050000   0.0050000   0.0050000   0.0050000   0.0050000   0.0050000   0.0050000   0.0050000   0.0050000   0.0050000

 Columns 21 through 30:

   0.0050000   0.0050000   0.0050000   0.0050000   0.0050000   0.0050000   0.0050000   0.0050000   0.0050000   0.0050000

 Columns 31 through 40:

   0.0050000   0.0050000   0.0050000   0.0050000   0.0050000   0.0050000   0.0050000   0.0050000   0.0050000   0.0050000

 Columns 41 through 50:

   0.0050000   0.0050000   0.0050000   0.0050000   0.0050000   0.0050000   0.0050000   0.0050000   0.0050000   0.0050000

 Columns 51 through 60:

   0.0050000   0.0050000   0.0050000   0.0050000   0.0050000   0.0050000   0.0050000   0.0050000   0.0050000   0.0050000

 Columns 61 through 70:

   0.0050000   0.0050000   0.0050000   0.0050000   0.0050000   0.0050000   0.0050000   0.0050000   0.0050000   0.0050000

 Columns 71 through 80:

   0.0050000   0.0050000   0.0050000   0.0050000   0.0050000   0.0050000   0.0050000   0.0050000   0.0050000   0.0050000

 Columns 81 through 90:

   0.0050000   0.0050000   0.0050000   0.0050000   0.0050000   0.0050000   0.0050000   0.0050000   0.0050000   0.0050000

 Columns 91 through 100:

   0.0050000   0.0050000   0.0050000   0.0050000   0.0050000   0.0050000   0.0050000   0.0050000   0.0050000   0.0050000

g =

 Columns 1 through 10:

   0.0050000   0.0050000   0.0050000   0.0050000   0.0050000   0.0050000   0.0050000   0.0050000   0.0050000   0.0050000

 Columns 11 through 20:

   0.0050000   0.0050000   0.0050000   0.0050000   0.0050000   0.0050000   0.0050000   0.0050000   0.0050000   0.0050000

 Columns 21 through 30:

   0.0050000   0.0050000   0.0050000   0.0050000   0.0050000   0.0050000   0.0050000   0.0050000   0.0050000   0.0050000

 Columns 31 through 40:

   0.0050000   0.0050000   0.0050000   0.0050000   0.0050000   0.0050000   0.0050000   0.0050000   0.0050000   0.0050000

 Columns 41 through 50:

   0.0050000   0.0050000   0.0050000   0.0050000   0.0050000   0.0050000   0.0050000   0.0050000   0.0050000   0.0050000

 Columns 51 through 60:

   0.0050000   0.0050000   0.0050000   0.0050000   0.0050000   0.0050000   0.0050000   0.0050000   0.0050000   0.0050000

 Columns 61 through 70:

   0.0050000   0.0050000   0.0050000   0.0050000   0.0050000   0.0050000   0.0050000   0.0050000   0.0050000   0.0050000

 Columns 71 through 80:

   0.0050000   0.0050000   0.0050000   0.0050000   0.0050000   0.0050000   0.0050000   0.0050000   0.0050000   0.0050000

 Columns 81 through 90:

   0.0050000   0.0050000   0.0050000   0.0050000   0.0050000   0.0050000   0.0050000   0.0050000   0.0050000   0.0050000

 Columns 91 through 100:

   0.0050000   0.0050000   0.0050000   0.0050000   0.0050000   0.0050000   0.0050000   0.0050000   0.0050000   0.0050000

